x0 and y0 :0 1
h:0.2
xn :2
x0= 0  y0= 1  yn=0.914513
x0= 0.2  y0= 0.914513  yn=0.856193
x0= 0.4  y0= 0.856193  yn=0.822455
x0= 0.6  y0= 0.822455  yn=0.810961
x0= 0.8  y0= 0.810961  yn=0.819593
x0= 1  y0= 0.819593  yn=0.846436
x0= 1.2  y0= 0.846436  yn=0.889757
x0= 1.4  y0= 0.889757  yn=0.947988
x0= 1.6  y0= 0.947988  yn=1.01971
x0= 1.8  y0= 1.01971  yn=1.10364
y(2)= 1.10364